user_id	item_id	rating
122270	8360	3.5
49018	32	2.0
89527	109374	3.5
106704	1060	3.0
47791	1732	2.0
11304	504	1.0
49851	1792	2.5
40721	32213	4.0
136187	1816	2.0
132231	3996	5.0
66226	2302	3.0
92525	2340	4.0
60653	4007	4.0
121449	1136	4.0
135385	1079	4.5
73022	780	5.0
49439	1086	4.5
3288	6979	4.5
92185	186	0.5
118549	2003	3.0
20619	62	3.0
5471	5060	5.0
61740	8866	3.5
123719	3153	4.0
75231	588	3.5
107440	40732	3.5
81523	151	3.0
45660	81845	4.5
57377	968	4.0
81218	321	1.0
112292	150	4.0
55668	610	3.5
46653	1407	0.5
51995	69526	4.0
66358	1556	2.5
2568	5945	3.0
65530	1275	4.5
4786	8641	4.0
81740	3269	3.0
125362	4425	2.0
130446	84152	4.0
26875	296	1.0
116490	1641	4.0
45087	434	4.0
80807	6874	4.0
62515	2702	4.0
56831	6539	4.5
63688	3391	4.0
117543	780	2.0
71992	4896	4.0
37413	2077	4.0
108502	3543	3.0
113912	593	4.0
102032	6157	2.0
100332	5418	3.5
110890	52	4.0
126432	3361	3.0
120267	4020	3.5
10434	358	3.0
69932	351	3.0
30849	7063	5.0
81607	1997	3.5
32667	2762	4.0
58639	1042	1.0
45533	2243	5.0
92992	59369	3.0
21227	786	3.0
103649	2279	5.0
92349	292	3.0
121115	3752	4.0
90462	2539	4.0
117793	2694	3.0
123719	1513	3.0
75115	7361	4.5
115904	60	4.0
48186	588	4.0
6539	2858	4.0
103126	2858	5.0
46412	543	3.0
89392	71876	3.0
76997	46850	4.0
79159	5001	4.0
120773	780	4.0
11701	5952	3.5
8566	538	4.5
103687	1247	3.0
96664	780	4.0
115982	3638	4.5
121660	2290	4.0
7058	2395	2.0
88011	593	5.0
138416	69	4.0
103610	11	5.0
29140	1408	4.0
7376	662	2.0
12931	2194	5.0
48578	910	5.0
59852	2641	3.0
17842	87232	4.0
137818	4728	3.5
74336	3175	3.5
45385	589	5.0
47488	1339	4.0
12286	1653	5.0
89549	1197	4.0
29511	33166	3.0
38917	356	5.0
84851	208	3.0
65431	6409	3.5
36308	82463	4.0
84160	1963	3.0
138228	110	4.0
67015	1219	3.0
47690	4447	3.0
93063	1196	5.0
55304	1289	5.0
14013	3910	5.0
69894	912	5.0
33991	6887	4.0
103362	60069	4.5
87338	2167	2.0
101705	805	5.0
94855	147	2.0
75939	5902	4.5
37018	1080	4.0
51991	55247	3.5
107103	296	5.0
58359	3186	3.0
22182	839	1.0
106218	3326	4.0
109310	2629	3.0
109084	1131	0.5
26809	1485	0.5
13757	30793	4.0
129142	520	3.0
63147	1365	2.5
22149	1645	3.0
48000	7454	2.0
115146	6	4.5
69480	253	2.0
122266	8622	3.0
90078	4855	5.0
90878	1968	4.0
81739	1831	3.0
68596	1959	5.0
1267	1701	2.0
96250	29	5.0
128190	4518	4.0
124048	4848	4.0
93219	2746	1.0
32881	76251	3.0
11846	2081	4.0
79715	225	2.5
903	2369	3.0
79904	57504	4.0
82635	342	3.5
133367	415	4.0
101749	3362	5.0
1729	1378	1.0
115711	1225	5.0
36093	1243	3.0
68296	3624	4.0
27074	5064	3.5
9240	778	5.0
31782	5872	3.5
73948	1019	4.0
63078	3450	3.5
9109	1291	4.0
48875	1041	4.0
23523	3699	4.0
23523	5994	3.0
1662	524	1.5
44458	4687	3.0
101112	1373	2.0
109279	1094	3.0
24814	6569	3.5
39085	6365	4.0
131053	4499	2.5
16190	720	2.5
60019	590	1.0
22723	2915	3.0
11549	4027	5.0
120762	593	3.0
80420	2657	5.0
46470	2296	0.5
7504	337	3.0
64779	1441	4.0
129288	2502	5.0
18115	3698	0.5
35050	4306	3.5
61814	2135	2.0
100712	5693	2.0
117133	41997	3.0
22697	2502	4.5
19318	5349	3.0
73382	942	4.5
39873	80463	4.0
115224	595	5.0
6034	2006	3.0
80920	7405	3.0
61394	5193	3.0
12838	6365	3.0
123426	1235	3.5
124162	1375	4.0
117098	4224	1.5
91356	1374	3.0
92645	1240	4.0
76272	2916	3.0
49632	60072	3.5
76629	54997	3.0
128181	2247	4.0
41131	30707	4.5
79197	5679	2.5
77525	4638	2.0
136041	305	3.0
49989	1772	1.0
17495	2329	4.0
75810	8965	4.0
117560	1248	3.0
73940	5303	4.0
131081	1238	4.0
115606	4002	3.0
40879	2194	3.5
86990	2019	4.5
107720	2709	3.5
108403	3681	4.5
80361	8258	3.0
77297	1135	4.0
69756	3135	3.0
26978	5316	5.0
25510	179	3.0
112203	1097	5.0
36837	2078	4.0
21737	1183	3.0
122995	5434	4.0
41504	88140	4.0
62776	5445	3.0
6034	19	2.5
64690	648	2.5
35962	3317	3.5
94975	50872	4.0
95849	2890	2.0
107892	2797	3.5
72139	1997	4.5
65160	87	3.0
40922	2599	2.5
115225	6863	3.5
11589	6957	5.0
131531	1924	5.0
122387	58803	3.0
137426	34405	4.5
102213	7762	4.0
51927	2355	3.0
25503	919	4.0
108721	2004	2.0
22408	1304	4.0
39357	172	3.0
131528	316	3.5
61576	1193	4.0
23371	2944	4.0
870	2943	5.0
69695	3418	4.0
134977	5500	2.0
38267	1913	4.0
15386	1221	4.0
38533	3578	5.0
136056	56367	4.5
125935	7	3.0
88956	1246	3.5
24602	2762	2.5
41638	5944	3.0
131896	3727	3.0
56573	1172	5.0
83949	3387	3.0
44977	515	3.0
52782	10	4.0
70736	327	2.0
1726	587	3.5
64111	1198	4.0
52551	1060	3.0
98999	1900	4.0
71871	2067	4.5
118009	4361	3.0
57458	30793	3.0
2249	3201	4.0
279	595	5.0
104121	2378	4.0
20372	6890	2.5
78719	3742	4.0
48568	5942	5.0
34323	344	0.5
114846	4011	5.0
136181	1183	5.0
137828	2125	4.5
995	318	3.0
4089	47124	4.0
16398	6753	3.5
52939	3088	4.0
115620	6365	3.5
88820	1969	2.0
121425	1517	3.0
5423	8874	4.0
87856	44191	0.5
25708	1247	4.5
86716	2360	5.0
91971	5464	4.5
40918	912	4.0
60207	2294	3.0
80589	720	4.0
70035	5349	3.5
55804	1233	4.0
123835	2490	1.5
22106	2542	4.0
49219	1732	2.5
19781	1909	4.0
3428	1721	2.0
54822	1580	4.0
32093	48516	5.0
94827	1262	4.5
69199	1213	5.0
92791	3999	5.0
5779	2151	1.0
27617	1952	5.0
42124	3916	3.0
68367	2841	2.5
74654	6539	2.5
133329	551	4.5
131054	2990	3.0
77714	552	1.5
120045	1917	4.5
115754	1961	5.0
90618	3114	4.0
35162	2414	4.0
107826	236	3.0
8172	3296	4.0
87754	1265	2.5
38740	2160	4.0
38070	48385	3.0
58272	1213	4.0
34564	442	3.0
72834	8492	3.0
98316	2858	4.5
23627	1127	2.5
121535	119145	1.5
91197	2706	5.0
125073	2289	5.0
88450	904	3.0
77506	6764	4.5
52886	4369	3.5
44729	588	3.0
98419	7090	3.5
32341	5128	2.5
22595	1407	2.0
99723	73	5.0
13003	1270	4.0
108355	858	3.5
69064	60037	3.0
48188	288	3.0
110182	3623	2.5
111218	3998	3.0
71356	1259	5.0
24747	492	3.0
53967	8573	4.0
53640	6793	4.0
81701	3361	4.5
99182	79	3.0
38741	101	4.0
88953	1302	4.0
129961	5952	0.5
59849	5349	4.0
32137	1276	4.0
42968	434	5.0
94110	61024	3.0
127630	2081	2.5
131715	1722	3.0
111974	597	3.0
22347	2028	3.0
79374	329	4.0
89569	317	2.0
58402	2028	4.0
131165	2532	4.0
137501	5134	4.0
85523	3730	4.0
49846	589	1.5
35550	77540	2.5
76437	4016	1.5
118513	2021	5.0
100214	786	2.5
30620	2413	4.0
58700	4788	4.0
26515	1073	3.0
36045	32587	3.0
127303	73929	2.0
74776	1244	4.0
94821	7438	4.0
38919	4995	5.0
55726	4256	2.0
47164	357	3.0
107460	47	4.0
104506	1394	5.0
73257	1307	5.0
28930	1250	5.0
119786	5989	5.0
44083	1379	3.0
42935	1208	4.0
64430	5463	4.0
126750	1333	3.5
53830	74624	2.0
85244	106918	4.5
14421	518	3.0
22470	344	5.0
103301	68135	3.0
32196	2115	3.5
119207	2001	4.0
95789	4396	3.0
14720	1257	3.0
39836	6380	3.0
74322	1777	3.5
43917	271	3.0
85620	5882	2.0
124752	27773	3.0
109173	56367	4.0
111139	76093	4.0
43925	2716	3.5
135546	150	4.0
30998	104374	3.0
10008	1120	5.0
114950	293	5.0
126114	902	4.0
136568	2701	2.0
128224	153	3.0
94515	1729	4.0
48457	370	0.5
103028	7317	3.0
59530	344	2.0
8008	3469	3.5
85409	786	3.0
56284	110102	3.0
94016	3527	4.0
19046	1946	3.0
75600	378	3.0
70878	5378	2.5
124731	26005	4.0
127486	2794	5.0
119058	6377	4.0
67182	68157	3.5
33218	608	5.0
40456	3528	5.0
110657	1032	0.5
45689	6155	3.5
45319	380	3.0
67117	1804	3.0
16194	637	5.0
132949	524	4.0
48272	8784	3.0
84133	185	3.0
108308	41997	3.5
133220	364	4.0
115651	370	4.0
86579	3409	3.0
89202	3275	3.0
99639	11	3.0
43303	83525	5.0
36059	2263	2.5
70595	300	5.0
45125	2474	4.0
39257	1012	3.5
126269	3770	5.0
3907	45	3.0
34344	1211	5.0
117861	2003	3.5
80808	3147	4.5
14056	2527	4.0
16701	5459	5.0
74963	1396	5.0
115222	2140	4.0
107552	3984	4.0
28611	8158	4.0
55940	66785	4.5
24604	56757	4.5
59873	5935	0.5
76289	1240	4.0
35861	2772	4.0
2349	2049	5.0
108913	4370	4.0
37249	594	3.5
108362	44199	4.0
42650	3362	4.5
32212	2908	5.0
109882	1199	3.5
128591	2174	4.0
114722	169	1.5
91390	784	0.5
1507	3087	2.5
86748	1042	5.0
25599	5902	4.0
130653	920	3.0
106041	2138	2.0
105059	733	3.5
93669	69685	4.0
102889	50872	4.5
78300	2683	4.0
112283	3361	3.0
37145	902	4.0
16236	4776	3.5
121042	3186	3.0
133864	832	3.0
138025	3300	3.0
7298	5617	4.0
71840	724	3.0
71467	4367	3.0
68222	339	3.0
57953	1885	3.0
63266	3254	2.0
37680	2174	4.0
77343	2881	3.0
67019	4009	4.5
49604	58293	1.5
42933	1080	4.5
55391	6711	3.5
43223	1079	3.0
117680	249	4.0
87980	694	3.0
32903	316	5.0
126527	46976	4.5
117193	45	3.0
27215	6373	3.0
129910	4034	4.0
26055	1272	3.5
120941	7151	2.0
36017	1208	5.0
108041	58559	4.5
72496	3439	4.0
125613	549	3.0
65401	4621	1.5
135880	1580	3.0
55368	2355	3.0
5458	10	3.0
94484	837	4.0
91425	1019	3.0
23316	3101	4.5
9209	1	4.0
9790	3608	4.0
8791	6016	3.5
37287	3098	4.5
58116	2987	5.0
102241	457	4.0
94302	2858	4.0
56718	41566	3.0
133848	45722	4.5
67914	852	3.0
38936	2478	3.0
111087	4995	4.0
81970	1663	4.5
80585	7153	5.0
34651	8808	3.5
114270	54272	4.0
2381	708	4.0
67658	2753	4.0
54603	1274	2.0
85215	1029	4.0
76079	3174	4.0
125560	928	3.0
9087	904	4.0
43599	4056	4.0
24039	2761	4.0
79578	588	4.0
138093	256	2.0
96224	5949	5.0
133867	56782	4.5
124223	592	3.0
118205	34767	3.0
92071	6762	5.0
77587	784	3.0
46395	59369	3.0
79147	368	2.0
51894	3067	5.0
72290	1919	5.0
104290	2405	3.0
2821	45499	3.5
111632	18	3.0
39401	2294	3.5
106712	110611	4.0
123606	3735	4.0
15208	1479	3.0
112019	54256	3.5
10678	2428	4.0
133872	4901	4.0
87529	27803	3.5
137552	2064	3.0
135765	7346	2.0
51075	34072	3.5
26867	3309	4.0
6021	3004	2.0
27231	2997	5.0
84220	1610	4.0
104911	3685	3.0
62887	722	5.0
49642	4022	2.5
120670	1	5.0
31107	1179	4.0
1454	6863	3.5
84075	180	4.5
130715	5146	3.5
7252	218	3.0
95405	3422	2.0
133133	380	3.5
129206	2797	3.5
90968	2488	4.0
111777	8711	4.0
60272	1704	3.5
8366	2716	5.0
67417	2371	2.0
105021	590	5.0
57248	1784	3.5
21353	84152	4.5
19046	55280	2.5
28323	628	3.0
30559	592	4.0
80633	3471	5.0
97444	707	3.0
63042	2376	3.5
126519	2329	5.0
78323	4047	5.0
38531	27434	4.5
120344	595	3.0
91948	5843	1.0
57856	94864	3.5
116185	160	3.0
25931	590	4.0
32471	1680	2.0
23433	31433	1.0
78472	4306	5.0
21480	4571	4.0
134002	3039	4.0
87093	485	3.0
73787	1258	3.0
114535	376	3.0
65353	1569	3.0
136936	2881	3.0
97101	1617	4.0
131291	1407	5.0
67064	1805	2.0
81929	1196	4.5
59154	4816	4.0
99530	915	4.0
91585	1148	5.0
55244	2290	2.0
77641	3462	3.5
4884	1909	3.0
218	1673	4.0
71038	1641	4.0
54338	508	2.5
1119	1079	4.0
15722	968	4.0
23020	593	4.0
43268	541	2.5
18820	904	4.5
124416	6727	3.0
49904	4995	4.0
48638	5214	3.0
39298	7324	4.0
119786	1517	4.0
58747	2686	4.5
81105	32	3.0
89293	42723	2.5
35590	2	5.0
1389	1597	4.0
56871	377	3.0
53275	111362	3.5
54478	3527	4.0
122860	2908	4.5
28398	1374	2.5
83905	8810	3.0
36869	936	5.0
1419	8957	4.0
4648	3685	4.0
45237	8360	4.0
105762	2	2.5
57436	5502	3.5
35341	70	3.0
127750	36535	2.5
137934	16	5.0
50113	2050	2.0
92613	2761	4.0
122995	3497	4.0
20167	434	2.0
8307	5349	3.0
114504	1105	0.5
37317	4842	4.0
100254	508	3.5
136278	89904	3.0
15872	1784	3.5
18193	678	3.5
60453	435	2.0
101936	3706	4.5
11975	239	3.0
80542	3972	4.5
134435	736	5.0
62340	86190	1.5
84541	56775	2.0
103839	500	4.5
79966	5378	4.0
101776	1527	3.0
49212	2014	5.0
133165	3408	2.0
131573	648	2.5
86775	34	4.0
100597	319	4.0
119515	40973	3.5
98369	2161	4.5
50855	1527	4.5
74017	597	3.0
26309	5528	2.5
66836	27338	1.5
20194	451	3.0
54216	440	2.0
114861	2724	3.0
109575	412	5.0
4859	4776	3.0
29934	1222	3.5
95222	110	4.0
30861	39	3.0
43237	1693	4.0
49441	1136	3.0
134687	4215	3.0
87778	1198	5.0
62779	707	3.0
82690	3996	5.0
102815	69122	4.0
127722	6936	3.5
46121	8610	4.5
74437	33794	4.5
117476	1485	4.0
118050	72356	3.5
27825	355	3.0
18515	1711	2.0
115274	6	1.0
126332	432	2.0
111880	3176	3.0
43556	37729	3.5
11998	1220	5.0
111703	1213	5.0
16047	64	4.5
101127	537	3.0
61121	71057	3.5
134538	1573	3.0
79886	160	5.0
63003	34542	5.0
5487	1299	5.0
63071	70	2.0
44292	3727	4.0
82256	1213	5.0
26673	553	3.0
96287	2336	4.0
3797	2273	3.0
90078	1343	4.5
95166	786	1.0
90969	2826	1.0
22101	1527	5.0
12299	1293	3.0
89764	45028	3.5
104235	3837	4.0
56063	1080	4.5
119148	2432	2.5
28830	19	2.0
2930	27904	4.0
24143	8810	3.0
29056	1032	4.0
61601	7802	3.5
56219	6874	0.5
83948	31658	2.5
16057	3114	4.0
54817	47044	4.0
45961	982	4.0
53270	858	3.0
36475	1784	5.0
123159	2140	4.0
93227	1343	2.0
113896	377	3.5
53166	41566	4.0
69629	208	3.5
62876	8874	4.0
29056	3747	4.5
82476	1285	4.0
28577	2268	4.0
43025	1220	4.0
70887	837	3.5
25610	373	4.0
27001	2735	3.0
107628	1064	3.0
3268	78209	3.0
35519	2641	4.0
95157	1374	5.0
26957	2959	3.5
117259	80939	3.5
101111	2268	3.0
32493	2677	4.0
77629	6297	3.0
43848	40815	4.0
13770	4401	3.0
69921	2916	1.0
84823	4446	3.5
28125	597	3.5
121141	231	3.0
16635	30707	4.5
120846	59615	3.0
108108	1265	1.0
66362	54001	3.5
49018	1315	1.0
24397	36517	4.0
114894	832	2.5
4759	61132	2.5
46866	1400	1.0
23256	1615	2.0
92452	783	5.0
72820	1183	4.0
64049	51540	2.5
101197	5218	4.0
26849	419	2.0
99370	344	3.0
105685	2405	3.0
7554	344	2.5
136405	2064	4.0
75354	5458	3.5
6874	2997	2.0
2860	380	4.0
118256	7361	4.0
71676	253	2.0
119575	185	2.0
115147	6377	5.0
26007	4638	3.0
71423	553	3.0
106348	8984	5.0
22205	7004	1.5
74105	8361	3.0
54972	3994	1.0
111653	1324	2.0
14866	4148	2.0
46744	1273	4.0
101201	4361	4.0
14856	2713	2.0
120075	41285	4.0
123537	7001	3.5
103088	30793	2.0
58676	2959	4.0
68818	94953	3.0
119187	364	3.0
62638	111	4.0
109990	4369	3.5
60761	160	3.0
2361	2640	0.5
8029	2273	4.0
120853	1175	4.0
99499	4695	4.0
11132	1441	3.0
124770	6539	4.0
83667	3062	4.5
41775	1517	2.0
106802	1131	3.5
68338	610	5.0
133435	47491	4.0
29566	4226	4.0
76657	2167	4.0
30124	589	4.0
29938	1688	4.0
74549	1643	3.0
33235	144	1.0
6039	2412	1.0
131829	88405	3.0
43217	2115	4.0
131646	593	5.0
128334	6373	4.0
116302	72131	3.0
134876	367	3.0
22357	233	4.0
128416	4085	4.0
130869	317	4.0
66987	4720	3.0
91948	3708	1.0
10158	111	5.0
69649	260	3.0
114009	1405	3.0
71436	2599	5.0
8538	3688	3.5
105399	1093	4.0
85863	4963	4.0
42204	2780	3.5
81867	2710	2.0
135827	420	3.0
113340	913	4.0
13619	165	2.0
130193	78499	3.5
124192	6198	4.0
121935	4848	4.5
79771	1304	5.0
104642	3081	3.0
109410	371	3.0
54717	3210	2.5
108864	7766	4.5
135012	3827	3.0
96892	802	3.0
92085	6367	2.0
89402	3683	4.0
25889	2405	4.0
12033	1676	4.0
110847	1223	4.0
3284	361	4.0
68071	1639	4.0
15521	46972	3.5
11886	497	3.0
22894	46578	3.5
37595	224	3.0
128175	16	4.0
72150	3107	3.5
131520	153	2.0
18996	2355	3.0
126157	515	4.0
54351	2804	3.5
133911	1203	5.0
131133	1208	5.0
91251	64839	2.5
102694	2089	3.5
27041	4025	2.0
129540	5049	4.0
99525	4011	3.0
123981	2997	4.0
122610	5902	4.5
26932	2707	3.5
28195	74510	4.0
62133	1285	4.5
109925	2144	4.0
86768	6188	1.0
113338	440	4.0
45256	2321	3.5
42394	2000	3.5
5924	39	5.0
23877	3911	3.5
121216	1302	4.0
82254	724	3.0
8877	36	2.5
116731	2716	5.0
910	3984	4.5
84800	555	3.0
46822	490	3.0
125849	66789	3.0
31573	84863	3.0
89242	4721	3.5
63149	2470	3.0
121309	1240	3.0
54029	32587	4.0
88007	31	3.0
42336	34405	3.5
80844	6188	3.5
21678	47	5.0
30223	6796	4.0
44217	1379	3.0
40312	1923	1.0
33356	783	3.0
6675	1285	4.0
64684	1013	4.0
16590	47	3.5
30364	1027	3.0
64281	3095	3.0
100418	49530	3.0
33649	1246	4.0
30562	1208	3.0
74849	41573	3.5
87346	73321	4.0
79292	7017	1.5
63737	62	3.0
27706	4235	4.0
105686	1544	3.5
29080	1380	4.5
62051	2628	5.0
30416	6270	5.0
34882	82461	4.0
43134	2858	5.0
122360	3081	2.5
26876	6934	3.5
46313	5952	4.0
126933	1059	3.5
113791	1960	4.0
62986	3717	3.0
13109	2916	4.0
120256	8981	3.5
81531	3578	4.0
44446	2763	3.5
102274	2858	4.5
49824	1445	2.5
102034	2108	4.0
83060	766	3.0
23192	382	4.0
126565	22	3.0
90993	1	5.0
10373	1983	3.0
80882	7153	4.0
19569	7153	1.0
124493	4963	4.0
74142	3682	2.0
94791	68319	4.0
95149	457	3.5
27656	6537	3.5
114135	2762	4.0
130774	1479	4.0
77752	1097	3.5
77997	198	4.0
22723	6385	3.5
122310	109374	4.5
118443	1193	4.5
92618	5418	4.5
15522	2005	3.0
110255	5364	2.5
26447	73268	4.5
55303	5481	3.0
105369	10	4.0
100781	8016	4.5
22501	3918	1.5
53998	3559	4.0
25164	53894	3.5
15617	3545	3.5
53123	2406	3.0
93568	1721	3.5
56332	539	4.0
126550	2502	3.0
126744	64	3.0
99941	5400	3.5
56904	1961	4.0
59794	724	4.0
107850	1321	3.0
119392	1285	3.0
54057	3155	4.0
14680	80463	3.0
129308	2916	4.0
40149	2194	5.0
103773	5291	4.5
91400	2693	3.0
108381	4677	2.5
24119	405	3.0
33190	380	4.5
90346	1965	4.5
57050	3578	4.5
58612	3108	4.0
83343	1390	3.0
69916	45728	4.5
57839	2858	4.5
3461	3408	4.0
95211	589	1.0
114462	1148	4.5
89660	2542	4.0
116498	97938	4.5
135483	3053	3.0
62265	3535	2.0
24905	1917	3.0
112143	2313	3.0
108427	6294	4.0
129423	1810	4.0
109245	1405	4.5
40039	2405	3.0
3088	39446	3.5
59891	373	3.0
75121	4720	2.5
106307	1772	1.0
117876	3098	3.0
106813	1100	5.0
16422	2917	4.0
79792	2797	4.0
128615	553	2.0
37705	38038	3.0
110826	39381	3.5
102684	786	3.5
137202	2340	3.5
25936	4878	5.0
72832	5218	3.5
40017	48780	3.5
122941	7	3.0
1937	187	5.0
109191	292	1.5
84234	497	4.0
126067	4878	4.0
128492	4306	4.0
75857	1230	4.5
36082	3972	4.0
61837	2009	3.0
39880	1183	2.0
14280	59615	3.0
83923	440	4.0
18191	1867	1.5
67792	2300	5.0
29069	917	3.0
99431	3986	3.0
78075	380	4.0
114297	4014	5.0
114601	38886	4.0
96384	6539	5.0
12619	1639	3.0
56218	2100	3.0
126157	3246	2.5
135593	474	3.5
43188	7438	1.0
41989	50	5.0
28852	2890	4.0
44038	4480	3.0
8300	161	4.0
80192	227	3.0
24475	6832	4.0
60975	81641	4.5
18078	2355	5.0
63597	1345	3.0
112262	8644	3.5
13476	60293	4.5
97858	8623	1.5
7934	87232	4.0
24918	1374	5.0
114983	4681	3.0
6571	1371	3.0
18983	2064	5.0
80853	5103	3.0
59850	63082	0.5
78295	4995	2.0
123930	2115	4.0
59544	1083	3.0
82934	2020	5.0
108186	2094	0.5
14828	589	4.5
84404	37731	4.0
91984	1097	3.0
42397	2571	4.0
11309	1485	3.0
125143	2329	5.0
118999	911	5.0
126883	3593	1.0
66873	1641	3.0
81217	3897	5.0
43749	1580	5.0
73700	3301	4.0
13466	412	3.0
85447	43908	2.0
129338	3618	3.0
4184	1257	4.0
57803	249	3.0
90123	185	3.0
47422	3623	4.0
73258	3418	3.5
36865	1307	5.0
58846	47725	4.0
46350	2507	1.5
130320	60069	3.5
59457	1760	1.0
38360	2	2.5
13196	273	3.0
1302	318	5.0
71450	3755	1.0
34860	2890	4.0
4477	1527	3.5
83818	3099	1.0
134547	4234	1.0
47602	114662	3.5
115402	1704	5.0
110447	1474	3.0
13801	2565	4.0
63563	60	1.5
8172	3552	4.5
18372	296	4.0
61897	5025	2.0
95010	2617	4.0
12100	11	3.0
132460	5225	4.0
130202	4896	2.5
43298	3354	3.0
49754	6333	5.0
38212	832	4.0
124888	6281	3.0
8713	4811	4.0
110278	31658	4.0
86883	1080	4.0
132888	1190	3.0
95296	1949	4.0
76737	1028	5.0
55993	2793	4.0
44349	4890	5.0
80789	2722	3.0
51570	292	3.0
33497	7099	5.0
118443	246	5.0
12719	43936	3.5
7267	589	3.5
100207	788	3.5
95466	2067	3.5
63529	1321	0.5
87321	288	3.0
79531	98809	4.0
95645	3481	4.0
92002	163	4.0
30536	1086	4.0
87506	3387	3.0
74820	2366	4.0
52532	110	3.0
90093	3654	4.0
74122	1101	3.5
86447	33794	4.0
82418	6368	5.0
36130	2712	2.5
6317	785	4.0
110628	1405	4.0
20332	3476	5.0
94820	2302	2.5
95474	4361	4.0
2073	589	4.0
8985	5027	3.0
62430	66097	4.0
17008	3004	5.0
138262	590	4.0
16660	6003	4.0
117608	71252	3.5
6314	2912	5.0
18768	1917	1.0
30206	908	4.0
74175	60816	4.0
122797	32	4.0
25627	276	1.0
19228	1658	5.0
86830	4995	4.5
93421	344	3.0
26	597	3.0
109135	1128	5.0
107277	48738	5.0
47497	1307	3.5
90648	4306	4.0
112109	153	3.0
11948	6879	4.0
27241	3864	1.0
13121	2193	2.0
87595	3082	3.0
76102	532	2.0
58667	4932	4.0
128354	2736	3.0
131703	1269	4.0
69879	4085	5.0
104597	4015	2.0
92471	337	3.0
116900	3019	3.5
18299	3198	3.0
121998	913	5.0
127565	26686	3.0
124307	7153	4.0
91996	1680	5.0
116113	5989	3.0
115848	5444	2.5
117269	2232	4.0
134401	4432	3.5
95803	2692	5.0
129793	4368	4.0
4389	3028	4.0
52479	7162	4.0
78671	1249	3.5
73064	2502	4.0
2866	1744	2.0
82552	38038	4.0
124098	50802	4.0
39245	1347	5.0
4044	892	3.0
51209	2396	4.0
74105	6350	3.5
102502	2125	5.0
123808	256	3.0
51165	10	3.5
103382	903	4.0
43545	3814	3.0
123764	4914	5.0
73611	2720	2.5
135258	1210	0.5
7818	3160	2.0
62800	4016	5.0
102587	56941	5.0
120590	1968	3.0
124082	920	5.0
37090	2161	4.0
117541	60040	4.0
29442	508	4.0
110348	592	3.0
37857	42004	3.0
84481	2273	4.0
125178	6258	3.5
35997	3147	4.5
95579	56775	5.0
126788	5995	4.0
135092	2237	4.0
105128	3173	3.5
82869	784	3.0
72888	4034	1.0
43066	593	5.0
96161	186	3.5
27827	19	4.0
85581	2145	2.0
33401	2861	4.0
52392	81	4.0
11171	593	5.0
122676	4718	3.0
33749	750	4.0
118366	765	4.0
78675	6947	5.0
34927	541	5.0
106980	3752	3.0
111560	2493	4.0
93987	3763	4.0
38112	112	3.5
113009	6620	3.0
39256	12	2.0
83330	38061	4.5
105165	2267	3.0
72665	2689	1.0
102276	23	2.0
33818	8865	4.0
101536	3253	4.5
13205	1247	3.5
101469	105844	4.0
67145	5989	3.5
27053	1212	3.0
82739	2470	2.0
12207	2671	2.0
101836	457	4.0
136667	1222	4.0
96372	70643	4.0
116469	3990	1.0
19942	653	5.0
40749	62	4.0
46281	1732	2.5
65759	1198	4.0
69082	1226	5.0
44613	34405	4.5
39249	1747	4.0
72	500	4.0
106155	4014	2.5
13610	59315	3.5
60185	3006	3.0
121657	6162	4.0
98494	5772	5.0
91709	5122	3.5
37435	2028	5.0
129102	2718	4.0
20553	969	4.0
28744	8869	3.0
95026	47	5.0
106071	4865	1.0
76418	1371	3.0
77360	1255	4.5
44843	8644	3.5
101683	1198	5.0
23787	158	3.0
604	42725	4.0
122135	8951	3.5
114898	733	3.5
12525	315	3.0
35265	1939	4.0
109919	2657	4.0
63610	592	3.0
100867	765	1.0
51189	1198	3.5
110826	5574	3.5
48753	1172	5.0
14377	928	4.0
105848	300	3.0
45505	2231	4.5
117446	3717	5.0
36710	21	5.0
116084	1722	3.5
47998	2194	4.0
9810	3489	3.0
99781	5388	4.0
1610	282	3.0
109145	466	2.0
122990	231	5.0
89598	79702	2.5
5178	2012	2.5
60247	588	4.0
137223	587	2.0
86708	88	5.0
48080	2997	5.0
30340	3418	3.0
77892	5303	3.0
106939	82459	5.0
5601	48385	4.0
115376	1129	2.0
13080	2529	4.0
67416	165	4.0
106643	590	4.0
131349	4896	5.0
87094	4105	3.5
87768	2987	4.0
118689	780	3.0
12131	62849	3.0
10224	157	2.0
69290	3440	0.5
137633	66934	4.5
55844	6003	1.5
95679	1293	4.0
8977	1960	4.5
52763	1371	3.5
102141	457	4.0
125278	3055	5.0
95657	57274	4.5
16558	5878	4.0
90446	3070	4.0
131652	33639	3.5
13242	2806	3.0
65459	8585	0.5
56220	593	4.0
4627	68358	5.0
116436	104	3.0
94893	45722	4.0
100471	1461	3.5
131455	4306	4.0
117737	780	4.0
65401	104374	3.5
108198	51412	1.0
42069	1701	4.0
24985	231	4.0
17166	5309	2.5
72389	1097	3.0
28394	3988	0.5
120673	543	3.0
41719	87306	3.5
130273	6863	2.0
71975	2495	3.5
98833	1282	3.0
129964	1976	1.0
34637	82088	4.5
134045	56171	5.0
47263	1210	4.0
122009	4304	5.0
45518	454	3.5
293	135	5.0
16840	3785	2.0
81420	2105	3.0
134343	3462	5.0
59537	4446	4.0
124576	318	4.0
94857	304	3.0
49365	1963	4.5
101716	277	3.0
122804	2041	4.0
25587	110	5.0
1931	813	3.0
91349	8340	4.0
10430	24	3.0
37248	1201	3.5
99979	750	4.0
46633	3113	5.0
49285	3973	1.0
89219	1261	4.0
92825	4213	3.0
119256	1189	4.0
103342	342	1.0
77122	99114	3.5
75379	5952	4.0
46964	589	4.5
42204	1588	2.5
98697	2817	1.0
24301	173	3.0
92960	4886	4.0
71849	5952	5.0
37692	96821	4.0
116635	3844	3.5
14141	7075	3.0
80488	676	2.0
97868	2560	3.5
117074	111	4.0
49350	587	3.0
23975	79008	5.0
136423	539	4.0
92011	48061	4.0
136989	4823	2.5
24830	1215	4.0
128873	3396	3.0
75108	3798	2.0
39374	329	3.0
572	43908	2.5
134343	8739	4.0
49542	480	5.0
44501	8807	4.0
106755	1183	4.0
94495	292	4.0
26904	6979	3.5
4504	1584	4.0
121820	2232	5.0
62564	612	2.0
116351	2922	4.0
32340	7482	4.5
124576	1479	2.5
135607	253	4.0
76891	1265	4.0
66443	150	5.0
107876	1381	1.0
69910	8207	4.5
4428	5612	3.0
131406	56367	3.5
10786	356	3.5
94716	6783	3.5
112916	1485	2.5
114255	5137	4.5
75015	6807	4.0
69306	46976	4.5
111205	786	3.0
110947	5339	2.0
112769	953	5.0
116677	356	4.0
109400	428	4.0
100260	1784	3.5
66077	1196	4.0
23502	541	5.0
117230	1214	3.5
103268	33437	3.5
375	1635	5.0
51199	85397	0.5
95699	63082	3.0
32870	854	5.0
22029	2393	3.0
66673	5459	2.5
97521	114246	3.5
72401	32589	2.0
112923	5991	4.0
24638	1997	3.5
98811	3081	4.0
117363	1028	3.5
119270	2762	3.0
88024	1911	3.0
34346	165	5.0
86274	1645	2.0
109572	2672	4.5
4194	356	5.0
134978	5378	2.5
64458	933	3.0
46183	4878	4.5
60150	6565	4.5
97859	1544	4.0
110507	128688	3.5
14163	6764	4.0
40280	4970	4.5
13255	3948	3.0
37440	77455	4.5
108850	1432	2.0
113954	4537	3.5
96824	54272	4.0
35498	57	4.0
120517	3623	2.0
45406	1556	1.0
28564	186	2.0
131454	31	3.0
67754	1252	3.5
41996	593	5.0
18224	104	4.0
79228	3948	3.5
15611	69757	5.0
34587	12	2.5
109461	2058	3.0
135705	2572	4.0
49281	3639	4.0
1093	357	4.0
95515	123	5.0
112699	32	4.0
72077	2915	5.0
63147	7132	5.0
132726	1650	3.0
37714	374	2.0
25143	2599	3.5
132175	1748	4.5
38655	47099	3.5
61358	1929	5.0
33498	54001	4.0
84439	509	4.0
61060	2683	2.5
131698	830	0.5
87445	750	5.0
135571	266	4.0
85813	4367	3.0
25736	6344	3.0
92425	2193	4.5
86996	593	4.0
77354	32792	3.0
113254	2327	4.0
119708	3361	3.0
137358	2087	5.0
120229	1639	4.0
124442	2	3.0
119616	2329	5.0
130019	761	3.0
49303	2004	2.5
32817	1393	4.0
54190	34	5.0
112612	858	4.5
4217	2028	2.0
91525	5225	4.0
54904	172	3.5
47395	527	5.0
4961	553	3.0
36330	832	3.0
85611	1485	4.0
17384	3108	3.0
30269	3702	4.0
80618	54259	4.0
31629	5054	5.0
71448	532	2.0
36151	4306	2.5
11309	1552	4.0
71598	70361	1.0
120659	1183	5.0
27848	1653	4.5
7846	520	3.5
78984	8366	3.0
57536	546	3.0
119531	3638	3.0
114544	5569	1.0
120324	2115	5.0
18346	186	3.0
3540	2078	4.0
58614	6281	3.0
90861	145	1.0
31459	3654	3.0
84294	252	4.0
80886	2405	4.0
64518	4571	3.5
26888	3616	3.0
54985	93980	3.5
34143	1747	4.5
8241	3948	3.5
101505	908	4.0
92672	5266	3.0
65591	1779	1.0
120744	2078	3.0
130564	930	3.5
119466	36	4.0
41192	3996	4.0
9015	3035	3.0
35063	786	2.0
112309	1527	3.0
91784	26840	3.0
17176	4231	2.0
41560	3897	5.0
67206	34	1.0
122709	1179	5.0
117853	54995	3.0
135808	4344	1.0
61849	1278	4.0
114394	2642	2.5
108947	1315	4.0
63750	553	2.0
51931	4310	3.0
95221	2318	3.5
104790	44022	5.0
57463	111	4.0
34990	2539	4.0
47621	648	2.0
63171	6647	5.0
65659	7701	3.0
131691	1201	4.0
8418	82461	3.5
108123	2710	1.0
67187	1241	1.0
136259	153	2.0
105448	4014	4.0
60712	1721	3.0
15261	1	3.0
86656	3210	3.5
67394	674	1.0
4902	2862	2.0
6160	4238	3.0
70403	1393	3.0
94259	339	3.0
119758	1064	4.0
12559	5060	5.0
134405	5296	4.0
55436	509	4.0
69360	7115	5.0
136450	968	3.0
52796	1569	3.0
107941	4446	3.5
108413	272	5.0
39623	49824	3.0
88907	2005	5.0
32610	3717	5.0
47446	47	4.0
21601	4017	4.5
77129	48780	5.0
130294	1084	4.0
116991	1960	3.5
42519	1210	4.0
29341	2805	2.5
6976	67087	4.0
126210	3981	3.0
107326	1199	4.0
80588	445	3.0
96544	2640	4.0
33764	7573	3.0
71181	4008	3.0
137558	3081	2.0
128227	6620	4.0
67510	4036	4.5
55900	2168	5.0
9362	33154	4.0
15742	1136	3.0
57152	5989	3.0
106500	1985	4.0
43050	3510	4.0
4932	3101	3.0
29216	1617	4.5
6366	1784	5.0
2278	3160	5.0
120987	1210	3.0
9579	1193	3.5
47905	2371	3.0
72045	4259	4.0
112776	1240	5.0
33052	2044	3.0
74289	4366	3.0
6995	92259	5.0
138208	258	1.0
37767	2763	3.0
93391	3342	2.0
42726	1673	4.5
29673	3060	3.5
65560	68791	4.0
56535	1380	4.5
16555	4848	3.5
74318	33166	2.5
53346	87928	3.0
64214	2687	4.0
135351	4368	2.0
73699	866	4.0
6739	2003	1.0
93227	2378	1.0
103402	2628	4.5
122738	1196	3.0
135090	3438	1.0
35578	296	2.0
13730	6711	3.5
67224	8983	3.5
67744	47	5.0
34853	54995	2.5
112774	5015	4.0
124909	1968	4.0
122524	364	4.5
107219	122	3.0
83122	8798	2.0
80886	1477	2.0
42407	592	3.0
117384	1261	4.5
137617	293	5.0
95335	2929	4.0
108381	231	2.5
119358	319	5.0
55435	2125	4.0
113307	1343	4.0
52264	60684	3.0
39937	442	3.5
80396	783	3.0
90312	708	4.0
125366	2997	4.5
114057	4285	2.5
5962	2724	4.0
66041	2463	3.0
101949	4240	1.0
35417	33564	3.5
84269	590	5.0
6630	2324	3.0
387	3504	4.5
48723	1732	5.0
67047	2349	4.0
14702	3273	0.5
56218	8873	5.0
39085	948	3.5
90381	6323	3.5
6057	56941	4.0
4350	1214	4.0
37591	6365	3.5
15100	441	4.0
75339	589	4.0
119216	33166	4.5
99985	1223	4.0
103757	1336	2.0
71544	1394	4.0
79539	1367	3.0
32264	553	5.0
26513	648	4.0
16935	6188	3.5
47558	838	4.0
100666	1196	2.0
18577	780	3.0
118	1193	5.0
309	1073	4.5
37726	56367	3.5
117800	648	4.0
15351	1283	4.0
43556	5989	3.0
126127	1059	3.0
21664	1993	3.0
79699	208	3.0
74369	6	4.0
49024	2373	3.0
28876	34	4.0
74512	5359	3.0
131156	6764	3.0
74898	454	3.0
20217	858	5.0
33968	2406	5.0
130622	36	4.0
118436	48738	4.0
25124	1441	5.0
78644	7139	5.0
15780	2384	4.0
34187	374	3.5
138201	7099	5.0
29011	367	4.5
23431	4446	4.0
84714	541	5.0
96281	1077	3.0
30033	2406	5.0
73131	589	4.0
73158	360	3.0
132977	937	4.0
102055	2119	2.0
55293	1200	4.5
83451	95	4.0
73387	1980	2.5
34316	7572	4.5
133372	2248	5.0
39451	235	2.5
36807	2134	3.0
39432	3753	3.0
28414	260	5.0
48494	2500	1.0
62481	41285	4.5
614	1199	4.0
7815	317	3.0
46138	585	1.0
9688	4022	4.0
75447	1049	4.0
13174	111	4.0
4101	593	4.0
47052	2640	3.5
48838	3833	1.0
22466	2081	3.0
134526	6377	3.0
137423	2916	3.0
1931	1315	3.0
104258	318	5.0
121396	150	3.0
72558	6879	3.5
106149	2857	4.5
50360	5218	4.5
116359	2324	5.0
24126	1270	4.0
20734	673	2.0
14454	64614	4.0
121612	8917	4.5
64179	90345	3.5
34007	474	3.0
67584	5266	3.0
52075	102880	3.0
43296	229	5.0
119555	532	3.0
110960	4238	2.0
45809	3175	4.0
1507	8622	0.5
67901	1646	4.0
8612	780	3.0
59794	70293	4.5
2909	2730	2.5
14752	1237	5.0
49904	1372	3.5
3855	296	3.0
29656	8195	3.0
420	552	3.5
105898	49278	4.5
46605	3095	5.0
54689	357	4.0
56351	1228	4.0
9010	1	4.0
1618	1057	3.0
85993	1374	4.0
122128	225	3.0
80092	8984	3.0
21811	48678	4.0
41089	500	3.0
3713	161	3.0
120518	1993	1.0
25237	3977	2.5
54440	6863	4.0
77719	987	3.0
115268	1801	2.5
130704	1590	3.0
14457	1219	3.0
79401	6764	4.0
92227	750	5.0
88651	2908	4.0
128271	837	4.0
20246	62799	4.0
135204	914	5.0
61405	3668	5.0
118107	165	5.0
123429	1258	3.5
100238	1198	4.0
116139	1942	3.0
100578	5640	1.0
108754	46578	3.5
134150	53123	0.5
129004	909	2.0
82020	2916	4.0
74705	7162	4.5
129579	419	0.5
63383	355	4.0
29151	377	4.0
28325	5015	2.5
43248	590	3.5
135525	296	3.0
112255	1641	3.0
17988	1616	5.0
44948	1287	3.5
133992	72998	3.0
117544	2005	5.0
108828	2160	2.0
73017	110110	5.0
12140	1250	5.0
66553	4279	3.5
99754	410	3.5
3290	44555	5.0
7592	247	3.0
66049	7438	4.5
103185	6951	0.5
131366	2502	2.5
102275	1371	0.5
75677	70286	5.0
110846	549	3.0
9393	4993	5.0
73688	2571	4.0
51075	1982	4.0
34439	48082	4.5
58360	3793	4.5
118205	71280	3.5
81616	1050	4.0
33523	83134	2.5
133214	1395	3.0
83709	2329	4.0
88312	2248	4.0
15548	1225	4.0
5074	11	3.0
130081	344	4.0
135554	1580	4.0
130422	910	5.0
134911	2942	2.0
46006	33794	5.0
104746	1663	3.0
131904	87383	3.0
116994	5459	1.5
72750	5377	3.0
55464	835	3.0
124633	357	2.0
127630	1220	4.0
133568	7438	3.0
136438	508	3.0
82418	4909	3.5
22672	1357	5.0
32340	1282	5.0
95956	45447	4.0
137527	257	3.0
36440	363	4.0
74719	590	4.0
3254	4890	4.5
51075	64508	2.5
134866	3068	2.5
121381	3200	4.5
18833	2411	0.5
48392	5954	4.0
15128	1722	4.0
86811	2085	3.0
90242	2355	3.0
62702	292	5.0
102497	1101	3.0
79151	3417	4.0
110970	55253	4.0
2349	45722	4.5
71780	587	4.0
106193	34405	2.5
74566	46976	2.0
93723	3979	4.0
36594	50806	3.0
72331	4993	4.5
121980	1220	2.0
112588	1917	3.0
79304	48	4.0
121049	1271	2.0
120377	2858	4.5
124507	3984	4.0
100369	5489	4.5
82418	58309	3.5
90394	56788	3.0
9746	1353	4.0
2196	4164	4.0
90002	2273	3.5
74823	553	3.0
